  6.6390159e-002  4.4325620e-001
  1.4815306e-001  4.3800224e-001
  2.4159638e-001  4.3194683e-001
  3.9344177e-001  4.2571332e-001
  5.4580088e-001  4.1689735e-001
  6.3632410e-001  4.0999596e-001
  7.9400969e-001  4.0394055e-001
  9.6606599e-001  3.9441218e-001
  1.1149913e+000  3.8786699e-001
  1.3636124e+000  3.7709192e-001
  1.5037774e+000  3.7108103e-001
  1.7609899e+000  3.6164171e-001
  1.9770775e+000  3.5407245e-001
  2.3941116e+000  3.4182805e-001
  2.7007225e+000  3.3439236e-001
  3.1209605e+000  3.2504209e-001
  3.5268549e+000  3.1756187e-001
  3.9142756e+000  3.1150646e-001
  4.2354871e+000  3.0660870e-001
  4.4778557e+000  3.0300217e-001
  4.8165877e+000  2.9877229e-001
  5.3420306e+000  2.9204900e-001
  5.6428013e+000  2.8866509e-001
  6.0486957e+000  2.8434616e-001
  6.6502032e+000  2.7873600e-001
  7.0823786e+000  2.7486231e-001
  7.7841295e+000  2.6902953e-001
  8.2338255e+000  2.6551204e-001
  8.8966755e+000  2.6079239e-001
  9.3960132e+000  2.5780920e-001
  1.0077438e+001  2.5322312e-001
  1.0556335e+001  2.5086329e-001
  1.1223789e+001  2.4725676e-001
  1.1807809e+001  2.4378380e-001
  1.2361811e+001  2.4111230e-001
  1.2975033e+001  2.3848532e-001
  1.3444189e+001  2.3630359e-001
  1.4039891e+001  2.3376566e-001
  1.4489587e+001  2.3136130e-001
  1.4905877e+001  2.2984745e-001
  1.5367253e+001  2.2775477e-001
  1.5761467e+001  2.2646354e-001
  1.6303302e+001  2.2437086e-001
  1.6913604e+001  2.2187746e-001
  1.7281537e+001  2.2049718e-001
  1.7818457e+001  2.1898333e-001
  1.8314875e+001  2.1689065e-001
  1.8729530e+001  2.1551037e-001
  1.9339940e+001  2.1439724e-001
  1.9702032e+001  2.1297244e-001
  1.9985282e+001  2.1221551e-001
