  0.0000000e+000  4.4736763e-001
  2.0202020e-001  4.3524200e-001
  4.0404040e-001  4.2365545e-001
  6.0606061e-001  4.1266083e-001
  8.0808081e-001  4.0229087e-001
  1.0101010e+000  3.9256148e-001
  1.2121212e+000  3.8347461e-001
  1.4141414e+000  3.7502086e-001
  1.6161616e+000  3.6718179e-001
  1.8181818e+000  3.5993188e-001
  2.0202020e+000  3.5324034e-001
  2.2222222e+000  3.4707265e-001
  2.4242424e+000  3.4139183e-001
  2.6262626e+000  3.3615964e-001
  2.8282828e+000  3.3133745e-001
  3.0303030e+000  3.2688710e-001
  3.2323232e+000  3.2277149e-001
  3.4343434e+000  3.1895514e-001
  3.6363636e+000  3.1540453e-001
  3.8383838e+000  3.1208846e-001
  4.0404040e+000  3.0897821e-001
  4.2424242e+000  3.0604766e-001
  4.4444444e+000  3.0327337e-001
  4.6464646e+000  3.0063457e-001
  4.8484848e+000  2.9811306e-001
  5.0505051e+000  2.9569319e-001
  5.2525253e+000  2.9336165e-001
  5.4545455e+000  2.9110736e-001
  5.6565657e+000  2.8892127e-001
  5.8585859e+000  2.8679619e-001
  6.0606061e+000  2.8472654e-001
  6.2626263e+000  2.8270820e-001
  6.4646465e+000  2.8073826e-001
  6.6666667e+000  2.7881485e-001
  6.8686869e+000  2.7693691e-001
  7.0707071e+000  2.7510403e-001
  7.2727273e+000  2.7331627e-001
  7.4747475e+000  2.7157399e-001
  7.6767677e+000  2.6987771e-001
  7.8787879e+000  2.6822798e-001
  8.0808081e+000  2.6662527e-001
  8.2828283e+000  2.6506990e-001
  8.4848485e+000  2.6356190e-001
  8.6868687e+000  2.6210104e-001
  8.8888889e+000  2.6068671e-001
  9.0909091e+000  2.5931794e-001
  9.2929293e+000  2.5799339e-001
  9.4949495e+000  2.5671132e-001
  9.6969697e+000  2.5546968e-001
  9.8989899e+000  2.5426606e-001
  1.0101010e+001  2.5309780e-001
  1.0303030e+001  2.5196199e-001
  1.0505051e+001  2.5085556e-001
  1.0707071e+001  2.4977535e-001
  1.0909091e+001  2.4871814e-001
  1.1111111e+001  2.4768076e-001
  1.1313131e+001  2.4666011e-001
  1.1515152e+001  2.4565331e-001
  1.1717172e+001  2.4465765e-001
  1.1919192e+001  2.4367074e-001
  1.2121212e+001  2.4269054e-001
  1.2323232e+001  2.4171537e-001
  1.2525253e+001  2.4074396e-001
  1.2727273e+001  2.3977551e-001
  1.2929293e+001  2.3880964e-001
  1.3131313e+001  2.3784643e-001
  1.3333333e+001  2.3688638e-001
  1.3535354e+001  2.3593042e-001
  1.3737374e+001  2.3497981e-001
  1.3939394e+001  2.3403616e-001
  1.4141414e+001  2.3310129e-001
  1.4343434e+001  2.3217722e-001
  1.4545455e+001  2.3126603e-001
  1.4747475e+001  2.3036980e-001
  1.4949495e+001  2.2949051e-001
  1.5151515e+001  2.2862991e-001
  1.5353535e+001  2.2778946e-001
  1.5555556e+001  2.2697019e-001
  1.5757576e+001  2.2617263e-001
  1.5959596e+001  2.2539673e-001
  1.6161616e+001  2.2464182e-001
  1.6363636e+001  2.2390653e-001
  1.6565657e+001  2.2318882e-001
  1.6767677e+001  2.2248598e-001
  1.6969697e+001  2.2179474e-001
  1.7171717e+001  2.2111137e-001
  1.7373737e+001  2.2043188e-001
  1.7575758e+001  2.1975227e-001
  1.7777778e+001  2.1906888e-001
  1.7979798e+001  2.1837884e-001
  1.8181818e+001  2.1768058e-001
  1.8383838e+001  2.1697449e-001
  1.8585859e+001  2.1626376e-001
  1.8787879e+001  2.1555523e-001
  1.8989899e+001  2.1486057e-001
  1.9191919e+001  2.1419750e-001
  1.9393939e+001  2.1359127e-001
  1.9595960e+001  2.1307635e-001
  1.9797980e+001  2.1269834e-001
  2.0000000e+001  2.1251612e-001
