Generated by GetData Graph Digitizer 2.24 on November 25 2016, 21:37
from file 'E:\workspaceOctave\Scandata\pp1.jpg'

Line #1
 6.96390658174098e-002    5.21159235668790e+002
 3.38403896590483e-001    8.26707006369427e+002
 5.32534032721369e-001    9.27984076433121e+002
 7.21868365180467e-001    9.46866242038217e+002
 9.48170350942925e-001    5.22875796178344e+002
 1.28247783189709e+000    8.76487261146497e+002
 1.41086549269389e+000    9.26267515923567e+002
 1.66284501061571e+000    9.43433121019108e+002
 1.82370425877357e+000    4.73095541401274e+002
 2.07878106656675e+000    5.43474522292994e+002
 2.20317222430373e+000    5.24592356687898e+002
 2.26481828400150e+000    5.05710191082803e+002
 2.52828774822031e+000    7.20280254777070e+002
 2.76727863119770e+000    5.14292993630573e+002
 3.20459597851880e+000    4.81678343949045e+002
 3.40532034469839e+000    6.96248407643312e+002
 3.64271262645185e+000    4.62796178343949e+002
 3.84663419507931e+000    7.32296178343949e+002
 4.14956912701386e+000    5.46907643312102e+002
 4.39815161733483e+000    5.05710191082803e+002
 4.52104408642438e+000    4.61079617834395e+002
 4.77282377919321e+000    4.74812101910828e+002
 5.02270513300862e+000    4.55929936305733e+002
 5.21213937804421e+000    4.76528662420382e+002
 5.46182090670663e+000    4.54213375796178e+002
 5.83819158236543e+000    4.52496815286624e+002
 6.15351567378544e+000    4.79961783439490e+002
 6.34065192956163e+000    4.61079617834395e+002
 6.59403022355439e+000    5.02277070063694e+002
 6.84301236418134e+000    4.67945859872611e+002
 7.03194704633446e+000    4.79961783439490e+002
 7.28162857499688e+000    4.57646496815287e+002
 7.65809916323217e+000    4.57646496815287e+002
 7.91037841888348e+000    4.79961783439490e+002
 8.15986012239291e+000    4.54213375796178e+002
 8.59907580866742e+000    4.54213375796178e+002
 8.85175471462470e+000    4.83394904458599e+002
 9.04088922193081e+000    4.98843949044586e+002
 9.31864618458848e+000    9.58882165605096e+002
 9.50907955538903e+000    9.96646496815287e+002
 9.97976770325965e+000    4.59363057324841e+002
 1.02076682902460e+001    1.14083757961783e+003
 1.09208442612714e+001    4.57646496815287e+002
 1.10865992256775e+001    1.14942038216561e+003
 1.17367303609342e+001    4.61079617834395e+002
 1.20119895091795e+001    8.78203821656051e+002
 1.22465842387911e+001    5.96687898089172e+002
 1.24478081678531e+001    8.19840764331210e+002
 1.26809042088173e+001    5.12576433121019e+002
 1.28843262145623e+001    7.73493630573248e+002
 1.31176220806794e+001    4.69662420382166e+002
 1.33697015111777e+001    4.88544585987261e+002
 1.35570375921069e+001    4.73095541401274e+002
 1.39966529286874e+001    4.79961783439490e+002
 1.42493318346447e+001    5.09143312101911e+002
 1.44986137130011e+001    4.79961783439490e+002
 1.46914449856376e+001    5.58923566878981e+002
 1.49427251155239e+001    5.64073248407643e+002
 1.51477457224928e+001    8.52455414012739e+002
 1.53763456975147e+001    4.67945859872611e+002
 1.55642812539028e+001    4.62796178343949e+002
 1.58156612963657e+001    4.69662420382166e+002
 1.60060946671662e+001    5.07426751592357e+002
 1.62545772449107e+001    4.64512738853503e+002
 1.65132509054577e+001    5.96687898089172e+002
 1.67562382914949e+001    4.59363057324841e+002
 1.70088172848757e+001    4.86828025477707e+002
 1.71412014487324e+001    6.05270700636943e+002
 1.74553265892344e+001    6.12136942675159e+002
 1.77063069813913e+001    6.12136942675159e+002
 1.78333957786936e+001    6.39601910828025e+002
 1.80772823779193e+001    5.17726114649682e+002
 1.83333583114775e+001    6.05270700636943e+002
 1.85848382665168e+001    6.13853503184713e+002
 1.87749718995879e+001    6.46468152866242e+002
 1.88987635818659e+001    6.17286624203822e+002
 1.92120894217560e+001    6.10420382165605e+002
 1.95261146496815e+001    6.15570063694268e+002
 1.96533033595604e+001    6.44751592356688e+002
 2.01864368677407e+001    1.18031847133758e+003
 2.03659797677033e+001    1.03097770700637e+003
 2.05552141875859e+001    1.04814331210191e+003
 2.07997002622705e+001    9.36566878980892e+002
 2.12577994255027e+001    1.26099681528662e+003
 2.15092793805420e+001    1.26957961783439e+003
 2.16836268265268e+001    1.03097770700637e+003
 2.19540901711003e+001    1.36570700636943e+003
 2.22081678531285e+001    1.41892038216561e+003
 2.26191082802548e+001    9.33133757961783e+002
 2.28861745972274e+001    1.20950000000000e+003
 2.30646184588485e+001    1.04127707006369e+003
 2.33381790932934e+001    1.42921974522293e+003
 2.35027351067816e+001    1.02239490445860e+003
 2.37600099912577e+001    1.13053821656051e+003
 2.39487448482578e+001    1.13912101910828e+003
 2.42084176345698e+001    1.28846178343949e+003
 2.44390158611215e+001    9.38283439490446e+002
 2.46247533408268e+001    8.95369426751592e+002
 2.48602472836268e+001    6.29302547770701e+002
 2.50506806544274e+001    6.67066878980892e+002
 2.52929686524291e+001    5.17726114649682e+002
 2.55617334832022e+001    8.23273885350319e+002
 2.58142125640065e+001    8.49022292993631e+002
 2.60022480329711e+001    8.45589171974522e+002
 2.61778943424504e+001    6.29302547770701e+002
 2.64451604845760e+001    9.09101910828025e+002
 2.66297989259398e+001    8.47305732484076e+002
 2.68816785312851e+001    8.62754777070064e+002
 2.71107780691895e+001    4.86828025477707e+002
 2.75938553765455e+001    1.24039808917197e+003
 2.79972024478581e+001    6.24152866242038e+002
 2.83273136005995e+001    9.05668789808917e+002
 2.84567003871612e+001    9.72614649681529e+002
