Generated by GetData Graph Digitizer 2.24 on November 26 2016, 10:51
from file 'E:\workspaceOctave\Scandata\pp2.jpg'

Line #1
 9.77230309817096e-002    6.22228070175439e+002
 1.46746072143609e+000    9.01771929824561e+002
 2.50607078624996e+000    9.71385964912281e+002
 3.53297023991313e+000    1.00945614035088e+003
 4.34827106450847e+000    4.77561403508772e+002
 5.11511418779056e+000    4.97140350877193e+002
 6.41014625538702e+000    5.75456140350877e+002
 7.39343377786827e+000    4.96052631578947e+002
 8.14291289151311e+000    4.68859649122807e+002
 9.15406359224948e+000    4.64508771929825e+002
 1.04220401099460e+001    4.69947368421053e+002
 1.11925175608266e+001    4.99315789473684e+002
 1.21939767213004e+001    4.68859649122807e+002
 1.34647799382402e+001    4.81912280701754e+002
 1.52613492144287e+001    5.47175438596491e+002
 1.62466558077980e+001    4.73210526315789e+002
 1.75101903695409e+001    4.66684210526316e+002
 1.82709762801588e+001    4.69947368421053e+002
 1.92934337778683e+001    4.96052631578947e+002
 2.00404900064475e+001    4.62333333333333e+002
 2.13169466218738e+001    4.90614035087719e+002
 2.20680409922291e+001    4.67771929824561e+002
 2.30909023041162e+001    4.94964912280702e+002
 2.40931690929451e+001    4.66684210526316e+002
 2.58663171468323e+001    4.68859649122807e+002
 2.76374461298314e+001    4.65596491228070e+002
 2.91574026943568e+001    4.67771929824561e+002
 3.04229563269877e+001    4.66684210526316e+002
 3.11926261495131e+001    4.93877192982456e+002
 3.24492958702365e+001    4.68859649122807e+002
 3.32080627099664e+001    4.66684210526316e+002
 3.42216362957684e+001    4.68859649122807e+002
 3.52461128643659e+001    5.00403508771930e+002
 3.62467643964844e+001    4.67771929824561e+002
 3.75127218432930e+001    4.67771929824561e+002
 3.82735077539109e+001    4.71035087719298e+002
 3.92979843225084e+001    5.02578947368421e+002
 4.02994434829821e+001    4.72122807017544e+002
 4.13126132546065e+001    4.73210526315789e+002
 4.23261868404086e+001    4.75385964912281e+002
 4.33494519664732e+001    5.03666666666667e+002
 4.43509111269470e+001    4.73210526315789e+002
 4.53648885269266e+001    4.76473684210526e+002
 4.66312497879127e+001    4.77561403508772e+002
 4.74017272387933e+001    5.06929824561404e+002
 4.81503987240829e+001    4.77561403508772e+002
 4.91631646815297e+001    4.77561403508772e+002
 5.01747191964437e+001    4.74298245614035e+002
 5.11991957650412e+001    5.05842105263158e+002
 5.24534426006990e+001    4.74298245614035e+002
 5.34658047439682e+001    4.73210526315789e+002
 5.44781668872374e+001    4.72122807017544e+002
 5.52494519664732e+001    5.03666666666667e+002
 5.62509111269470e+001    4.73210526315789e+002
 5.82768468560182e+001    4.74298245614035e+002
 5.93005157962605e+001    5.03666666666667e+002
 6.03023787709118e+001    4.74298245614035e+002
 6.13159523567138e+001    4.76473684210526e+002
 6.23291221283383e+001    4.77561403508772e+002
 6.30987919508636e+001    5.04754385964912e+002
 6.43546540432319e+001    4.77561403508772e+002
 6.53658047439682e+001    4.73210526315789e+002
 6.63805897723031e+001    4.78649122807018e+002
 6.71462214530523e+001    4.94964912280702e+002
 6.84036988021311e+001    4.72122807017544e+002
 7.01724049000645e+001    4.62333333333333e+002
 7.11920356985307e+001    4.80824561403509e+002
 7.21979368149581e+001    4.62333333333333e+002
 7.42234687298517e+001    4.62333333333333e+002
 7.52459262275612e+001    4.88438596491228e+002
 7.62490006447453e+001    4.62333333333333e+002
 7.82745325596389e+001    4.62333333333333e+002
 7.92945671722827e+001    4.81912280701754e+002
 8.02996606603549e+001    4.61245614035088e+002
 8.20720010858869e+001    4.61245614035088e+002
 8.33456310020700e+001    4.81912280701754e+002
 8.43507244901422e+001    4.61245614035088e+002
 8.61230649156741e+001    4.61245614035088e+002
 8.71410804574298e+001    4.75385964912281e+002
 8.81490006447453e+001    4.62333333333333e+002
 8.91694390715667e+001    4.83000000000000e+002
 9.04285316773559e+001    4.64508771929825e+002
 9.11969900573484e+001    4.88438596491228e+002
 9.22004682887102e+001    4.63421052631579e+002
 9.31938511656317e+001    4.11210526315789e+002
 9.44602124266178e+001    4.12298245614035e+002
 9.52282669924327e+001    4.35140350877193e+002
 9.64881672265771e+001    4.18824561403509e+002
 9.74985102989582e+001    4.12298245614035e+002
 9.82597000237538e+001    4.16649122807018e+002
 9.90273507753911e+001    4.38403508771930e+002
 1.00029213750042e+002    4.09035087719298e+002
 1.02303091384166e+002    3.95982456140351e+002
 1.03323125996810e+002    4.15561403508772e+002
 1.04077854694764e+002    4.02508771929825e+002
 1.05343812141573e+002    4.02508771929825e+002
 1.06358597169907e+002    4.07947368421053e+002
 1.07130689877498e+002    4.41666666666667e+002
 1.08132149037972e+002    4.11210526315789e+002
 1.09144107367064e+002    4.09035087719298e+002
 1.10151219926024e+002    3.93807017543860e+002
 1.11172869795378e+002    4.17736842105263e+002
 1.12176348026740e+002    3.92719298245614e+002
 1.12935114866470e+002    3.90543859649123e+002
 1.14203091384166e+002    3.95982456140351e+002
 1.15225952696053e+002    4.23175438596491e+002
 1.16231449998303e+002    4.03596491228070e+002
 1.18000963724592e+002    3.95982456140351e+002
