Generated by GetData Graph Digitizer 2.24 on November 26 2016, 11:25
from file 'E:\workspaceOctave\Scandata\pp3.jpg'

Line #1
 1.91342779149877e-002    4.02076433121019e+002
 2.10726634602886e+000    3.95808917197452e+002
 3.15965163135318e+000    4.24012738853503e+002
 4.19789418952294e+000    3.98942675159236e+002
 5.24279214870662e+000    3.98942675159236e+002
 6.29184973352398e+000    4.14611464968153e+002
 7.34257116859483e+000    4.36547770700637e+002
 8.38122968932796e+000    4.13044585987261e+002
 1.02060574548291e+001    3.98942675159236e+002
 1.12555310022098e+001    4.16178343949045e+002
 1.25574938255557e+001    4.00509554140127e+002
 1.43856492915638e+001    3.98942675159236e+002
 1.51772260496555e+001    4.28713375796178e+002
 1.64758611724945e+001    4.00509554140127e+002
 1.83040166385025e+001    3.98942675159236e+002
 1.93518263356298e+001    4.09910828025478e+002
 2.01300922916937e+001    3.89541401273885e+002
 2.09108540231379e+001    3.78573248407643e+002
 2.19565839074483e+001    3.81707006369427e+002
 2.32681138697517e+001    4.02076433121019e+002
 2.45692447679709e+001    3.83273885350318e+002
 2.61365917067464e+001    3.83273885350318e+002
 2.74468737813597e+001    3.98942675159236e+002
 2.84871961523463e+001    3.81707006369427e+002
 3.03157675809177e+001    3.81707006369427e+002
 3.13652411282985e+001    3.98942675159236e+002
 3.29288444040036e+001    3.84840764331210e+002
 3.42349668529832e+001    3.84840764331210e+002
 3.55452489275965e+001    4.00509554140127e+002
 3.65872351488366e+001    3.89541401273885e+002
 3.84158065774080e+001    3.89541401273885e+002
 3.92048875601196e+001    4.09910828025478e+002
 3.94706876381126e+001    4.27146496815287e+002
 4.07709866112050e+001    4.05210191082803e+002
 4.15534121929026e+001    4.00509554140127e+002
 4.25999740023398e+001    4.06777070063694e+002
 4.36498635122839e+001    4.25579617834395e+002
 4.46889379955804e+001    4.03643312101911e+002
 4.54742753152216e+001    4.09910828025478e+002
 4.65141817236449e+001    3.91108280254777e+002
 4.75632393084622e+001    4.06777070063694e+002
 4.86039776420122e+001    3.91108280254777e+002
 4.93864032237099e+001    3.86407643312102e+002
 5.06937735603796e+001    3.91108280254777e+002
 5.17428311451969e+001    4.06777070063694e+002
 5.27831535161835e+001    3.89541401273885e+002
 5.38272195502405e+001    3.86407643312102e+002
 5.48733653971143e+001    3.91108280254777e+002
 5.56628623423892e+001    4.13044585987261e+002
 5.67256466917977e+001    4.80420382165605e+002
 5.88204341609255e+001    4.99222929936306e+002
 5.96074353308202e+001    5.11757961783439e+002
 6.06377746002860e+001    4.56917197452229e+002
 6.14202001819836e+001    4.52216560509554e+002
 6.24655141037307e+001    4.53783439490446e+002
 6.37749642532172e+001    4.66318471337580e+002
 6.48161185493306e+001    4.52216560509554e+002
 6.53377356037957e+001    4.49082802547771e+002
 6.63830495255427e+001    4.50649681528662e+002
 6.76958273755362e+001    4.75719745222930e+002
 6.87349018588327e+001    4.53783439490446e+002
 7.09191212790849e+001    8.09464968152866e+002
 7.19045365917067e+001    5.85401273885350e+002
 7.30201481866632e+001    8.51770700636943e+002
 7.38063174314312e+001    8.61171974522293e+002
 7.51453009229169e+001    9.84955414012739e+002
 7.59256466917977e+001    9.72420382165605e+002
 7.69331080202782e+001    8.31401273885350e+002
 7.79838294553490e+001    8.53337579617834e+002
 7.90316391524763e+001    8.64305732484076e+002
 7.98232159105681e+001    8.94076433121019e+002
 8.07969842714156e+001    6.26140127388535e+002
 8.19196672299493e+001    9.19146496815287e+002
 8.32278694917457e+001    9.26980891719745e+002
 8.40256856882881e+001    9.80254777070064e+002
 8.49823995840374e+001    6.48076433121019e+002
 8.61096581307682e+001    9.58318471337580e+002
 8.68962433380996e+001    9.69286624203822e+002
 8.79257506824386e+001    9.11312101910828e+002
 8.88916157545821e+001    6.13605095541401e+002
 9.00945794878461e+001    1.20901910828025e+003
 9.11444689977902e+001    1.22782165605096e+003
 9.21843754062134e+001    1.20901910828025e+003
 9.31311062004420e+001    8.39235668789809e+002
 9.50611724944755e+001    1.22155414012739e+003
 9.61185493305603e+001    1.26856050955414e+003
 9.71613674769271e+001    1.26072611464968e+003
 9.82058494735474e+001    1.25915923566879e+003
 9.92295333419992e+001    1.17924840764331e+003
 1.00029013388795e+002    1.23878980891720e+003
 1.01229065384115e+002    8.39235668789809e+002
 1.02320551150396e+002    1.01472611464968e+003
 1.03115039646432e+002    1.05546496815287e+003
 1.04176576108150e+002    1.11814012738853e+003
 1.05067983881451e+002    5.39961783439490e+002
 1.08364487196152e+002    1.14947770700637e+003
 1.09406889379956e+002    1.14007643312102e+003
 1.10177668009879e+002    1.09150318471338e+003
 1.11059924606785e+002    4.78853503184713e+002
 1.12125204731574e+002    5.55630573248408e+002
 1.13155128038477e+002    4.99222929936306e+002
 1.16295229429351e+002    5.19592356687898e+002
 1.18124216820486e+002    5.21159235668790e+002
 1.19176602105810e+002    5.49363057324841e+002
 1.20221500064994e+002    5.49363057324841e+002
 1.21351670349669e+002    8.70573248407643e+002
 1.22146574808267e+002    9.12878980891720e+002
 1.23491797738204e+002    1.06016560509554e+003
 1.25473443390095e+002    6.52777070063694e+002
 1.26256284934356e+002    6.49643312101911e+002
 1.27562407383336e+002    6.49643312101911e+002
