Generated by GetData Graph Digitizer 2.24 on November 26 2016, 20:10
from file 'E:\workspaceOctave\Scandata\pp4.jpg'

Line #1
 7.44000000000000e-001    5.98511923688394e+002
 1.48800000000000e+000    5.90922098569157e+002
 2.23200000000000e+000    5.90922098569157e+002
 3.47200000000000e+000    6.49472178060413e+002
 4.71200000000000e+000    5.74658187599364e+001
 5.45600000000000e+000    3.36120826709062e+001
 6.69600000000000e+000    3.36120826709062e+001
 7.44000000000000e+000    1.25774244833068e+002
 8.68000000000000e+000    3.90333863275040e+001
 9.42400000000000e+000    3.90333863275040e+001
 1.04160000000000e+001    5.85500794912560e+001
 1.16560000000000e+001    1.08426073131955e+002
 1.24000000000000e+001    6.18028616852146e+001
 1.43840000000000e+001    4.77074721780604e+001
 1.56240000000000e+001    9.43306836248013e+001
 1.66160000000000e+001    4.98759936406995e+001
 1.76080000000000e+001    3.25278219395866e+001
 1.86000000000000e+001    4.66232114467409e+001
 1.95920000000000e+001    8.78251192368839e+001
 2.05840000000000e+001    5.20445151033386e+001
 2.15760000000000e+001    8.78251192368839e+001
 2.25680000000000e+001    5.20445151033386e+001
 2.35600000000000e+001    1.07341812400636e+002
 2.48000000000000e+001    1.00836248012719e+002
 2.57920000000000e+001    6.28871224165342e+001
 2.65360000000000e+001    4.66232114467409e+001
 2.75280000000000e+001    7.04769475357711e+001
 2.87680000000000e+001    1.07341812400636e+002
 2.95120000000000e+001    8.13195548489666e+001
 3.05040000000000e+001    7.58982511923688e+001
 3.17440000000000e+001    1.30111287758347e+002
 3.27360000000000e+001    7.58982511923688e+001
 3.47200000000000e+001    2.68896661367250e+002
 3.57120000000000e+001    8.13195548489666e+001
 3.76960000000000e+001    6.61399046104928e+001
 3.89360000000000e+001    8.13195548489666e+001
 3.96800000000000e+001    1.17100158982512e+002
 4.06720000000000e+001    8.89093799682035e+001
 4.16640000000000e+001    5.11771065182830e+002
 4.29040000000000e+001    1.08426073131955e+002
 4.38960000000000e+001    1.61554848966614e+002
 4.46400000000000e+001    8.89093799682035e+001
 4.58800000000000e+001    2.01672496025437e+002
 4.68720000000000e+001    9.97519872813991e+001
 4.78640000000000e+001    8.13195548489666e+001
 4.86080000000000e+001    8.13195548489666e+001
 4.98480000000000e+001    8.89093799682035e+001
 5.18320000000000e+001    7.58982511923688e+001
 5.30720000000000e+001    9.43306836248013e+001
 5.38160000000000e+001    8.99936406995231e+001
 5.48080000000000e+001    9.32464228934817e+001
 5.58000000000000e+001    1.47459459459459e+002
 5.70400000000000e+001    8.13195548489666e+001
 5.90240000000000e+001    8.13195548489666e+001
 6.10080000000000e+001    9.54149443561208e+001
 6.20000000000000e+001    8.13195548489666e+001
 6.29920000000000e+001    8.13195548489666e+001
 6.39840000000000e+001    8.89093799682035e+001
 6.49760000000000e+001    8.02352941176471e+001
 6.59680000000000e+001    1.08426073131955e+002
 6.69600000000000e+001    9.54149443561208e+001
 6.79520000000000e+001    8.89093799682035e+001
 6.99360000000000e+001    8.89093799682035e+001
 7.09280000000000e+001    8.02352941176471e+001
 7.19200000000000e+001    8.89093799682035e+001
 7.29120000000000e+001    5.20445151033386e+001
 7.39040000000000e+001    9.54149443561208e+001
 7.48960000000000e+001    8.78251192368839e+001
 7.61360000000000e+001    1.62639109697933e+002
 7.71280000000000e+001    9.32464228934817e+001
 7.81200000000000e+001    1.01920508744038e+002
 7.91120000000000e+001    1.03004769475358e+002
 8.01040000000000e+001    6.18028616852146e+002
 8.10960000000000e+001    4.44546899841018e+002
 8.30800000000000e+001    4.20693163751987e+002
 8.40720000000000e+001    4.47799682034976e+002
 8.50640000000000e+001    4.39125596184420e+002
 8.72960000000000e+001    4.39125596184420e+002
 8.82880000000000e+001    5.03096979332273e+002
 8.92800000000000e+001    4.46715421303657e+002
 9.00240000000000e+001    4.69484896661367e+002
 9.12640000000000e+001    4.70569157392687e+002
 9.20080000000000e+001    5.29119236883943e+002
 9.39920000000000e+001    7.26454689984102e+001
 9.52320000000000e+001    5.09602543720191e+001
 9.62240000000000e+001    4.95507154213037e+002
 9.72160000000000e+001    4.70569157392687e+002
 9.84560000000000e+001    4.69484896661367e+002
 1.01184000000000e+002    6.07186009538951e+001
 1.02424000000000e+002    5.20445151033386e+001
 1.03416000000000e+002    6.07186009538951e+001
 1.04408000000000e+002    1.17100158982512e+002
 1.05400000000000e+002    6.61399046104928e+001
 1.06392000000000e+002    7.37297297297297e+001
 1.07384000000000e+002    1.94082670906200e+002
 1.09120000000000e+002    7.69825119236884e+001
 1.10360000000000e+002    6.50556438791733e+001
 1.11352000000000e+002    7.37297297297297e+001
 1.12344000000000e+002    1.18184419713831e+002
 1.13336000000000e+002    7.37297297297297e+001
 1.14328000000000e+002    6.72241653418124e+001
 1.15568000000000e+002    6.72241653418124e+001
 1.16312000000000e+002    1.25774244833068e+002
 1.17304000000000e+002    5.20445151033386e+001
 1.18296000000000e+002    4.66232114467409e+001
 1.19536000000000e+002    4.77074721780604e+001
 1.20528000000000e+002    5.20445151033386e+001
 1.23504000000000e+002    5.20445151033386e+001
